3 0.132812 0.708333 0.098958 0.212963
1 0.327344 0.710648 0.078646 0.197222
7 0.514844 0.708333 0.078646 0.196296
1 0.901042 0.711111 0.105208 0.224074
1 0.238802 0.589815 0.067187 0.153704
1 0.378906 0.586574 0.069271 0.152778
0 0.515104 0.587037 0.057292 0.138889
6 0.654687 0.587500 0.069792 0.150926
1 0.791406 0.596759 0.073438 0.137963
6 0.315625 0.490741 0.046875 0.112963
1 0.409375 0.490278 0.041667 0.099074
4 0.510156 0.487963 0.042188 0.105556
0 0.607552 0.500000 0.044271 0.112963
1 0.705729 0.494907 0.054167 0.113889
