6 0.134700 0.716146 0.096633 0.218750
4 0.330527 0.711589 0.084187 0.212240
6 0.515373 0.718750 0.084919 0.205729
1 0.710835 0.724609 0.093704 0.217448
0 0.904100 0.715495 0.102489 0.207031
6 0.236457 0.586589 0.074671 0.147135
0 0.377013 0.588542 0.062958 0.148438
1 0.513543 0.577474 0.057833 0.131510
6 0.653367 0.587891 0.056369 0.144531
5 0.790996 0.596354 0.066618 0.177083
0 0.313324 0.488932 0.043924 0.108073
0 0.413616 0.493490 0.045388 0.106771
0 0.509151 0.488281 0.046120 0.109375
1 0.609810 0.490885 0.046852 0.111979
6 0.708272 0.494792 0.051977 0.117188
