0 0.139583 0.717130 0.102083 0.219444
0 0.330990 0.718981 0.089063 0.202778
1 0.522656 0.731481 0.085938 0.216667
2 0.709375 0.723148 0.081250 0.207407
6 0.904948 0.724074 0.113021 0.220370
1 0.236979 0.595833 0.066667 0.162037
6 0.375000 0.596759 0.062500 0.145370
0 0.517969 0.586574 0.068229 0.134259
6 0.652083 0.597222 0.060417 0.144444
0 0.797917 0.598611 0.075000 0.160185
1 0.314063 0.489815 0.045833 0.114815
3 0.411198 0.493519 0.045312 0.092593
0 0.514062 0.495370 0.047917 0.083333
0 0.607292 0.497222 0.046875 0.118519
6 0.706510 0.492593 0.048438 0.120370
