7 0.135677 0.713426 0.100521 0.210185
2 0.331250 0.712963 0.086458 0.190741
4 0.521354 0.717593 0.081250 0.201852
0 0.710677 0.722222 0.102604 0.203704
6 0.901302 0.725000 0.107813 0.209259
0 0.236979 0.600000 0.068750 0.162963
1 0.373437 0.593056 0.055208 0.147222
4 0.514844 0.593981 0.068229 0.134259
4 0.651302 0.599074 0.066146 0.148148
1 0.790104 0.595370 0.083333 0.140741
6 0.313802 0.494907 0.045312 0.108333
4 0.413021 0.492130 0.035417 0.095370
6 0.606771 0.495370 0.042708 0.101852
1 0.706771 0.498148 0.045833 0.101852
