7 0.139844 0.708333 0.098437 0.192593
4 0.327344 0.712963 0.085938 0.203704
4 0.517188 0.716667 0.080208 0.209259
4 0.710156 0.712963 0.083854 0.209259
6 0.898438 0.711574 0.108333 0.213889
0 0.236198 0.590741 0.063021 0.144444
0 0.376302 0.586574 0.064062 0.154630
7 0.516406 0.588426 0.060937 0.156481
2 0.787240 0.587963 0.068229 0.157407
6 0.309115 0.494907 0.042188 0.102778
1 0.409635 0.494907 0.041146 0.113889
3 0.510417 0.492593 0.042708 0.101852
6 0.606250 0.492130 0.046875 0.100926
1 0.705469 0.493056 0.043229 0.113889
