6 0.136198 0.715741 0.098437 0.214815
0 0.326562 0.716204 0.077083 0.210185
6 0.519792 0.713426 0.081250 0.204630
0 0.711979 0.720370 0.086458 0.224074
6 0.905990 0.722222 0.114062 0.238889
6 0.237760 0.586574 0.075521 0.149074
6 0.374740 0.591204 0.066146 0.158333
4 0.515104 0.587500 0.067708 0.150926
6 0.655469 0.591204 0.065104 0.150926
6 0.792969 0.591204 0.071354 0.158333
6 0.315885 0.496759 0.049479 0.123148
1 0.412240 0.491204 0.044271 0.112037
6 0.508333 0.482407 0.044792 0.101852
1 0.608333 0.487963 0.050000 0.116667
6 0.708594 0.492130 0.055729 0.113889
