6 0.133333 0.699074 0.098958 0.201852
0 0.328125 0.716204 0.090625 0.204630
6 0.518490 0.716667 0.084896 0.190741
1 0.711979 0.714352 0.096875 0.213889
6 0.898698 0.706481 0.109896 0.198148
0 0.237760 0.597222 0.073438 0.168519
6 0.377344 0.591667 0.064062 0.144444
6 0.518750 0.583333 0.065625 0.129630
0 0.653646 0.592130 0.061458 0.136111
0 0.794010 0.595370 0.068229 0.161111
6 0.315625 0.493981 0.044792 0.099074
1 0.411979 0.491204 0.046875 0.112037
0 0.507812 0.488889 0.050000 0.101852
0 0.606250 0.501389 0.038542 0.125000
1 0.703385 0.495370 0.051562 0.114815
