4 0.135798 0.712891 0.097365 0.225260
3 0.331625 0.718099 0.096633 0.212240
1 0.515739 0.710286 0.091508 0.214844
7 0.899341 0.713542 0.107613 0.216146
0 0.237555 0.585938 0.071010 0.148438
2 0.374085 0.589844 0.058565 0.143229
0 0.512811 0.582682 0.059297 0.144531
0 0.650439 0.591797 0.057833 0.157552
1 0.793192 0.593099 0.076867 0.144531
5 0.315154 0.492188 0.050512 0.101562
0 0.410322 0.492188 0.047584 0.096354
0 0.510249 0.488932 0.042460 0.097656
0 0.604685 0.489583 0.040996 0.109375
7 0.704978 0.496094 0.042460 0.117188
