4 0.237500 0.588889 0.062500 0.142593
6 0.326562 0.721759 0.077083 0.210185
0 0.518490 0.721759 0.088021 0.204630
0 0.706250 0.718981 0.090625 0.208333
1 0.904427 0.711574 0.117188 0.232407
3 0.378385 0.590741 0.061979 0.150000
1 0.514583 0.577778 0.060417 0.120370
1 0.648438 0.590741 0.063542 0.151852
0 0.792448 0.592593 0.074479 0.153704
1 0.315625 0.498611 0.044792 0.121296
1 0.412240 0.497222 0.046354 0.105556
1 0.507031 0.489815 0.054688 0.101852
5 0.609375 0.507407 0.052083 0.120370
6 0.709896 0.501389 0.048958 0.125000
