1 0.136530 0.701823 0.109078 0.203125
0 0.327599 0.709635 0.084187 0.210938
0 0.521596 0.714844 0.082723 0.208333
4 0.709004 0.722005 0.087116 0.217448
1 0.901171 0.710286 0.111274 0.217448
1 0.239385 0.587891 0.068814 0.160156
0 0.375549 0.593750 0.065886 0.143229
0 0.511347 0.586589 0.059297 0.136719
5 0.650805 0.594401 0.064422 0.154948
4 0.794656 0.593750 0.081259 0.174479
1 0.311127 0.495443 0.039531 0.100260
0 0.413250 0.499349 0.060761 0.121094
5 0.509151 0.498047 0.047584 0.110677
2 0.612372 0.501302 0.047584 0.130208
1 0.707174 0.489583 0.046852 0.114583
