6 0.138542 0.708796 0.096875 0.193519
5 0.327083 0.714352 0.088542 0.189815
0 0.522135 0.718056 0.086979 0.200926
1 0.901563 0.718519 0.093750 0.216667
6 0.239583 0.591204 0.062500 0.143519
1 0.376042 0.593056 0.061458 0.147222
6 0.514062 0.581944 0.062500 0.126852
5 0.655729 0.591204 0.064583 0.143519
6 0.792448 0.596296 0.060937 0.161111
6 0.311198 0.493981 0.043229 0.104630
4 0.411458 0.492593 0.042708 0.112963
6 0.510417 0.493519 0.042708 0.100000
1 0.609375 0.495833 0.042708 0.102778
6 0.706250 0.497685 0.048958 0.113889
