0 0.207647 0.715969 0.071765 0.206806
1 0.365294 0.717277 0.071765 0.214660
1 0.515882 0.719895 0.064706 0.214660
1 0.668235 0.717277 0.070588 0.209424
1 0.819412 0.715969 0.081176 0.206806
0 0.289412 0.590314 0.054118 0.149215
6 0.400588 0.587696 0.043529 0.143979
6 0.512941 0.583770 0.047059 0.125654
0 0.622353 0.582461 0.047059 0.133508
0 0.732941 0.585079 0.058824 0.138743
0 0.351176 0.492147 0.034118 0.099476
1 0.429412 0.494764 0.030588 0.104712
0 0.507059 0.485602 0.028235 0.086387
0 0.587647 0.497382 0.041176 0.115183
0 0.664118 0.494764 0.038824 0.104712
