1 0.135432 0.708984 0.095168 0.207031
0 0.326867 0.712240 0.082723 0.197917
6 0.520132 0.709635 0.078331 0.192708
0 0.707906 0.716146 0.081991 0.210938
6 0.901171 0.717448 0.102489 0.223958
0 0.238653 0.588542 0.065886 0.145833
1 0.372255 0.585938 0.063690 0.148438
1 0.513177 0.582031 0.065886 0.127604
6 0.650805 0.588542 0.060029 0.145833
6 0.791728 0.595703 0.069546 0.162760
0 0.313324 0.490234 0.043924 0.095052
6 0.411786 0.491536 0.043192 0.108073
1 0.510615 0.491536 0.040264 0.100260
1 0.607613 0.496094 0.040996 0.111979
0 0.706442 0.496745 0.042460 0.118490
