6 0.137760 0.707870 0.095312 0.195370
0 0.329167 0.714352 0.085417 0.206481
0 0.520833 0.713889 0.082292 0.203704
3 0.708594 0.714815 0.083854 0.201852
6 0.904427 0.714352 0.103646 0.208333
6 0.238281 0.586574 0.066146 0.147222
6 0.375260 0.582407 0.061979 0.138889
6 0.516406 0.579167 0.059896 0.121296
4 0.654167 0.589352 0.057292 0.141667
6 0.795833 0.590741 0.067708 0.146296
1 0.311979 0.494444 0.036458 0.105556
6 0.410417 0.496759 0.043750 0.106481
0 0.510417 0.489815 0.038542 0.096296
1 0.606771 0.495833 0.037500 0.100926
2 0.708073 0.495370 0.038021 0.101852
