1 0.134375 0.718519 0.095833 0.203704
3 0.332552 0.724074 0.085938 0.207407
1 0.518229 0.717593 0.079167 0.201852
0 0.710156 0.722222 0.085938 0.216667
6 0.898698 0.720833 0.119271 0.206481
6 0.238542 0.593981 0.071875 0.156481
6 0.379427 0.597685 0.065104 0.139815
6 0.516406 0.596296 0.077604 0.142593
1 0.651823 0.599074 0.064062 0.162963
3 0.790625 0.595370 0.078125 0.142593
1 0.313802 0.495833 0.050521 0.108333
1 0.414062 0.497685 0.045833 0.104630
0 0.512240 0.496296 0.052604 0.101852
6 0.611979 0.502315 0.053125 0.132407
1 0.707031 0.499074 0.055729 0.114815
