0 0.134635 0.712500 0.108854 0.221296
6 0.332031 0.720833 0.095312 0.226852
1 0.517969 0.710648 0.081771 0.197222
5 0.705990 0.712037 0.099479 0.200000
6 0.902604 0.725000 0.110417 0.235185
6 0.235156 0.589352 0.078646 0.154630
0 0.373958 0.595833 0.063542 0.162037
6 0.652344 0.591667 0.058854 0.151852
6 0.789844 0.594907 0.079687 0.145370
6 0.310677 0.493519 0.042188 0.105556
2 0.410938 0.492130 0.041667 0.102778
1 0.516146 0.495833 0.052083 0.119444
5 0.606771 0.497222 0.045833 0.116667
1 0.706250 0.501852 0.048958 0.112963
