6 0.136198 0.709722 0.101562 0.202778
0 0.328125 0.712963 0.084375 0.201852
7 0.523177 0.719444 0.084896 0.227778
6 0.712760 0.722685 0.089063 0.210185
6 0.901042 0.718519 0.101042 0.216667
6 0.236979 0.593519 0.068750 0.157407
6 0.375521 0.587500 0.062500 0.150926
0 0.516667 0.579630 0.064583 0.124074
3 0.652865 0.593056 0.061979 0.149074
6 0.789583 0.587963 0.067708 0.144444
1 0.315365 0.493519 0.046354 0.103704
6 0.413281 0.493981 0.045312 0.099074
1 0.509635 0.491667 0.044271 0.101852
6 0.607812 0.498611 0.037500 0.106481
1 0.705208 0.493056 0.041667 0.108333
