1 0.135432 0.707031 0.093704 0.187500
6 0.328697 0.712891 0.087848 0.212240
1 0.519034 0.712240 0.077599 0.213542
0 0.711201 0.714193 0.085652 0.212240
0 0.900805 0.713542 0.090044 0.213542
0 0.239751 0.591146 0.066618 0.153646
1 0.375915 0.587240 0.060761 0.153646
1 0.654832 0.590495 0.054905 0.152344
1 0.789165 0.587891 0.071742 0.162760
3 0.312958 0.490234 0.043192 0.105469
3 0.412884 0.495443 0.045388 0.105469
7 0.510249 0.498698 0.045388 0.111979
1 0.607613 0.495443 0.046852 0.108073
0 0.707174 0.492188 0.051245 0.104167
