0 0.139844 0.712963 0.095312 0.196296
1 0.327865 0.719444 0.082812 0.198148
1 0.518229 0.721296 0.079167 0.194444
2 0.707552 0.721759 0.089063 0.204630
2 0.900000 0.719907 0.103125 0.206481
1 0.239323 0.593056 0.069271 0.147222
3 0.375781 0.596759 0.065104 0.150926
4 0.514583 0.586574 0.063542 0.134259
0 0.650521 0.595833 0.057292 0.147222
5 0.790365 0.594907 0.066146 0.150926
1 0.315104 0.492593 0.046875 0.101852
5 0.412240 0.495370 0.043229 0.100000
5 0.510677 0.493519 0.045312 0.098148
5 0.607552 0.498611 0.041146 0.108333
4 0.705729 0.498611 0.045833 0.108333
