1 0.139063 0.706481 0.104167 0.214815
7 0.331250 0.711574 0.093750 0.208333
1 0.520312 0.711111 0.083333 0.201852
6 0.905729 0.717593 0.112500 0.244444
1 0.236198 0.581481 0.080729 0.151852
0 0.371354 0.592593 0.055208 0.140741
6 0.511198 0.572222 0.067187 0.127778
1 0.651042 0.588426 0.062500 0.150926
4 0.793229 0.590741 0.069792 0.157407
1 0.314323 0.487037 0.052604 0.116667
0 0.412240 0.493981 0.046354 0.115741
1 0.508594 0.486574 0.045312 0.102778
6 0.606771 0.493981 0.045833 0.128704
0 0.701823 0.493056 0.048438 0.123148
