0 0.138021 0.709722 0.095833 0.202778
5 0.240104 0.590741 0.067708 0.150000
6 0.313021 0.494444 0.041667 0.111111
6 0.374219 0.584722 0.056771 0.139815
1 0.518490 0.711574 0.074479 0.200926
1 0.708594 0.715278 0.083854 0.210185
1 0.900000 0.717593 0.103125 0.211111
6 0.411198 0.492130 0.045312 0.106481
1 0.516146 0.578704 0.062500 0.122222
7 0.651042 0.590741 0.056250 0.164815
1 0.789323 0.591667 0.068229 0.157407
0 0.511719 0.490278 0.038021 0.091667
0 0.605469 0.498611 0.043229 0.108333
1 0.706771 0.490741 0.045833 0.112963
