1 0.136719 0.709722 0.095312 0.202778
0 0.326302 0.716204 0.096354 0.197222
1 0.521615 0.713889 0.088021 0.194444
0 0.711719 0.713889 0.086979 0.222222
6 0.897917 0.713889 0.101042 0.200000
1 0.231510 0.591204 0.064062 0.152778
6 0.371615 0.590741 0.058854 0.157407
1 0.508594 0.587963 0.061979 0.144444
6 0.650521 0.589352 0.054167 0.141667
6 0.787500 0.595833 0.067708 0.152778
0 0.312500 0.498611 0.045833 0.113889
1 0.410677 0.496759 0.036979 0.097222
0 0.509635 0.487037 0.046354 0.092593
1 0.602344 0.491667 0.042188 0.120370
1 0.704167 0.495370 0.043750 0.114815
