4 0.141654 0.712240 0.107613 0.221354
0 0.326867 0.704427 0.097365 0.177083
0 0.516105 0.717448 0.089312 0.210938
1 0.708638 0.711589 0.095168 0.204427
0 0.900439 0.710938 0.109810 0.221354
0 0.237189 0.584635 0.064422 0.158854
0 0.370425 0.587240 0.068814 0.151042
0 0.649707 0.591797 0.060761 0.154948
0 0.792826 0.591797 0.065886 0.165365
0 0.312958 0.490234 0.047584 0.113281
2 0.413982 0.490234 0.044656 0.118490
3 0.510249 0.494792 0.046852 0.109375
2 0.609444 0.499349 0.047584 0.115885
2 0.708272 0.498698 0.047584 0.119792
