1 0.138802 0.720370 0.093229 0.205556
3 0.330208 0.729167 0.086458 0.210185
0 0.522656 0.723148 0.090104 0.207407
0 0.714323 0.725926 0.096354 0.222222
6 0.903906 0.722685 0.113021 0.215741
6 0.238281 0.593981 0.074479 0.143519
1 0.376823 0.591204 0.063021 0.139815
1 0.517708 0.596296 0.065625 0.138889
1 0.651823 0.596759 0.060937 0.158333
0 0.791667 0.594444 0.072917 0.168519
1 0.314063 0.492130 0.047917 0.108333
1 0.412240 0.493981 0.049479 0.097222
0 0.509375 0.492130 0.043750 0.097222
1 0.707812 0.498148 0.050000 0.114815
