1 0.137628 0.709635 0.096633 0.210938
1 0.330527 0.714844 0.090044 0.218750
6 0.518302 0.718099 0.084919 0.204427
6 0.709004 0.712891 0.085652 0.217448
1 0.899707 0.712891 0.101025 0.220052
1 0.378843 0.594401 0.072474 0.160156
1 0.513909 0.578125 0.058565 0.130208
1 0.651171 0.587240 0.057833 0.151042
1 0.792094 0.591797 0.071742 0.157552
1 0.314788 0.489583 0.040996 0.104167
0 0.413250 0.492188 0.050512 0.114583
1 0.509151 0.488932 0.046120 0.089844
0 0.605417 0.494792 0.046852 0.114583
1 0.707540 0.501953 0.049048 0.115885
0 0.234993 0.583333 0.070278 0.143229
