0 0.136979 0.711574 0.093750 0.200926
1 0.327344 0.709722 0.080729 0.199074
6 0.522917 0.721296 0.080208 0.222222
0 0.708854 0.718519 0.085417 0.203704
0 0.903385 0.722685 0.105729 0.221296
0 0.238021 0.589352 0.068750 0.141667
6 0.375260 0.591204 0.055729 0.152778
3 0.513542 0.577315 0.065625 0.123148
3 0.648698 0.587500 0.056771 0.132407
6 0.790625 0.591204 0.073958 0.158333
6 0.311979 0.493519 0.046875 0.105556
6 0.410417 0.498611 0.039583 0.106481
6 0.509375 0.494444 0.043750 0.111111
4 0.605469 0.495370 0.040104 0.120370
6 0.707031 0.501852 0.045312 0.112963
