4 0.142387 0.713542 0.104685 0.210938
0 0.331259 0.718099 0.090044 0.214844
6 0.517570 0.705078 0.090776 0.204427
0 0.709736 0.722656 0.088580 0.221354
7 0.901537 0.722005 0.106149 0.209635
1 0.235725 0.589193 0.073206 0.144531
2 0.377379 0.590495 0.063690 0.139323
6 0.520498 0.578776 0.080527 0.110677
1 0.651537 0.589844 0.061493 0.161458
1 0.790264 0.598307 0.075403 0.162760
2 0.313690 0.496094 0.043192 0.114583
1 0.411786 0.496745 0.046120 0.110677
2 0.510981 0.490885 0.049780 0.101562
0 0.706442 0.493490 0.045388 0.106771
