1 0.137500 0.712500 0.101042 0.210185
0 0.326302 0.715741 0.082812 0.211111
0 0.708073 0.718519 0.090104 0.216667
1 0.899479 0.709259 0.108333 0.216667
6 0.238021 0.590278 0.066667 0.150926
6 0.376563 0.588426 0.062500 0.145370
6 0.513281 0.583796 0.056771 0.141667
1 0.652083 0.595370 0.057292 0.153704
4 0.794271 0.590741 0.075000 0.151852
1 0.313542 0.492130 0.039583 0.100926
1 0.413542 0.496296 0.048958 0.105556
6 0.509896 0.487037 0.046875 0.087037
6 0.608594 0.495370 0.043229 0.107407
6 0.707292 0.493519 0.046875 0.116667
