1 0.139824 0.706380 0.101025 0.207031
0 0.328697 0.712240 0.083455 0.197917
2 0.517936 0.707682 0.085652 0.201823
1 0.710469 0.712891 0.085652 0.207031
0 0.897511 0.710938 0.118594 0.210938
0 0.239019 0.584635 0.071010 0.148438
4 0.376647 0.586589 0.069546 0.149740
0 0.516837 0.585938 0.067350 0.132812
0 0.648609 0.589844 0.060029 0.156250
0 0.792460 0.590495 0.069546 0.154948
1 0.314056 0.492839 0.040996 0.105469
0 0.412884 0.498698 0.045388 0.111979
0 0.509151 0.483073 0.037335 0.093750
4 0.707174 0.498047 0.045388 0.113281
1 0.603953 0.492839 0.051245 0.110677
