6 0.137994 0.714844 0.110542 0.213542
2 0.325769 0.712891 0.093704 0.207031
4 0.520132 0.718750 0.091508 0.203125
2 0.710835 0.717448 0.086384 0.229167
2 0.905930 0.718099 0.104685 0.209635
2 0.237921 0.585938 0.064422 0.148438
5 0.372987 0.589844 0.060761 0.151042
0 0.519034 0.584635 0.070278 0.138021
7 0.654832 0.597005 0.063690 0.173177
0 0.788067 0.588542 0.071010 0.153646
0 0.313690 0.488281 0.044656 0.093750
0 0.409590 0.493490 0.050512 0.111979
0 0.506589 0.489583 0.048316 0.104167
0 0.608712 0.496745 0.050512 0.113281
0 0.703148 0.496745 0.041728 0.123698
