1 0.138726 0.712891 0.094436 0.204427
1 0.238653 0.591146 0.068814 0.161458
0 0.333089 0.712240 0.086384 0.208333
7 0.517570 0.715495 0.084919 0.207031
0 0.713031 0.715495 0.096633 0.214844
0 0.899341 0.712891 0.094436 0.209635
2 0.374085 0.589193 0.061493 0.144531
4 0.515739 0.583984 0.066618 0.131510
5 0.654466 0.592448 0.058565 0.145833
7 0.792826 0.591146 0.065886 0.145833
0 0.412152 0.487630 0.036603 0.102865
0 0.510981 0.492839 0.043924 0.100260
0 0.606149 0.490234 0.039531 0.105469
6 0.705710 0.499349 0.051245 0.113281
