1 0.130208 0.714815 0.093750 0.218519
1 0.324479 0.715278 0.086458 0.210185
1 0.517969 0.717593 0.092188 0.205556
6 0.709896 0.717593 0.089583 0.224074
1 0.902604 0.718519 0.107292 0.227778
1 0.234635 0.587500 0.069271 0.137963
1 0.371094 0.590741 0.074479 0.162963
3 0.517708 0.586574 0.069792 0.143519
1 0.649479 0.589352 0.069792 0.149074
0 0.790104 0.595370 0.077083 0.155556
0 0.309896 0.490741 0.045833 0.105556
6 0.413542 0.488889 0.046875 0.101852
3 0.508854 0.489352 0.044792 0.106481
6 0.608073 0.503704 0.050521 0.116667
5 0.703906 0.495370 0.053646 0.112963
