0 0.139458 0.712240 0.100293 0.205729
6 0.325403 0.709635 0.085652 0.205729
4 0.523426 0.719401 0.098097 0.220052
7 0.706076 0.715495 0.098829 0.214844
0 0.907760 0.715495 0.101025 0.217448
0 0.240483 0.594401 0.071010 0.160156
0 0.378477 0.593099 0.064422 0.165365
0 0.514275 0.588542 0.075403 0.153646
5 0.650073 0.585938 0.062958 0.140625
0 0.791362 0.594401 0.070278 0.162760
7 0.311859 0.493490 0.040996 0.111979
2 0.413982 0.501302 0.044656 0.119792
0 0.510249 0.488932 0.043924 0.108073
0 0.607613 0.495443 0.046852 0.113281
6 0.708272 0.494792 0.044656 0.109375
