1 0.139844 0.711574 0.096354 0.195370
1 0.331510 0.711574 0.090104 0.206481
6 0.517969 0.712500 0.081771 0.202778
0 0.712500 0.714352 0.091667 0.193519
1 0.898438 0.717593 0.100000 0.218519
1 0.239583 0.592593 0.072917 0.146296
6 0.376563 0.585185 0.062500 0.150000
1 0.516667 0.587037 0.064583 0.142593
1 0.654687 0.596759 0.058333 0.158333
4 0.789323 0.593981 0.067187 0.152778
1 0.313542 0.495370 0.042708 0.112963
1 0.410677 0.504630 0.036979 0.109259
6 0.508854 0.487037 0.037500 0.092593
4 0.607031 0.494907 0.036979 0.108333
6 0.705990 0.500000 0.043229 0.112963
