4 0.140625 0.712963 0.096875 0.211111
6 0.323698 0.714352 0.080729 0.200926
4 0.518750 0.710648 0.076042 0.197222
6 0.709115 0.712500 0.088021 0.186111
6 0.902344 0.721759 0.097396 0.215741
1 0.372656 0.588426 0.057813 0.139815
1 0.238542 0.593519 0.067708 0.157407
5 0.513021 0.578704 0.063542 0.133333
6 0.650521 0.589352 0.054167 0.152778
7 0.796615 0.595370 0.076563 0.153704
6 0.312760 0.489815 0.042188 0.092593
2 0.412500 0.488426 0.043750 0.104630
5 0.507031 0.487500 0.044271 0.099074
4 0.607812 0.493981 0.052083 0.117593
1 0.705729 0.494907 0.054167 0.113889
