0 0.351176 0.493455 0.036471 0.102094
0 0.431765 0.496073 0.035294 0.107330
0 0.507647 0.486911 0.034118 0.094241
0 0.586471 0.498691 0.036471 0.112565
0 0.662353 0.494764 0.035294 0.109948
5 0.292353 0.590314 0.052941 0.149215
6 0.398824 0.591623 0.044706 0.141361
6 0.511765 0.592932 0.044706 0.138743
0 0.622353 0.595550 0.047059 0.149215
6 0.733529 0.590314 0.057647 0.143979
1 0.208235 0.713351 0.072941 0.206806
2 0.364118 0.721204 0.069412 0.206806
6 0.517059 0.721204 0.064706 0.201571
6 0.667647 0.718586 0.078824 0.217277
6 0.824118 0.731675 0.097647 0.227749
