0 0.136164 0.712240 0.095168 0.213542
0 0.328331 0.714844 0.094436 0.195312
0 0.523792 0.719401 0.075403 0.207031
0 0.713763 0.712891 0.093704 0.207031
0 0.902269 0.720703 0.107613 0.220052
0 0.243777 0.584635 0.065886 0.153646
0 0.376647 0.590495 0.057833 0.139323
0 0.513177 0.572917 0.055637 0.125000
0 0.650439 0.593750 0.062225 0.164062
0 0.788799 0.588542 0.079795 0.145833
0 0.313324 0.497396 0.039531 0.111979
0 0.409590 0.492188 0.043192 0.101562
0 0.510981 0.488932 0.048316 0.095052
0 0.607980 0.497396 0.040264 0.106771
0 0.708272 0.497396 0.050512 0.106771
