0 0.138726 0.710286 0.094436 0.217448
0 0.328331 0.710286 0.079795 0.209635
0 0.517204 0.714844 0.079795 0.210938
0 0.712299 0.715495 0.087848 0.196615
0 0.900805 0.716797 0.103221 0.220052
0 0.239385 0.592448 0.065886 0.143229
0 0.374085 0.587240 0.067350 0.143229
0 0.512445 0.574219 0.060029 0.114583
0 0.654466 0.589193 0.062958 0.147135
0 0.792460 0.596354 0.075403 0.158854
0 0.316618 0.490234 0.043192 0.105469
0 0.411420 0.491536 0.038067 0.100260
0 0.510615 0.483073 0.046120 0.083333
0 0.605417 0.494141 0.043924 0.110677
0 0.702782 0.488281 0.048316 0.119792
