6 0.134700 0.710286 0.095168 0.204427
4 0.328331 0.712891 0.084187 0.196615
1 0.520498 0.714193 0.086384 0.204427
1 0.713397 0.721354 0.092972 0.210938
1 0.902269 0.718099 0.101757 0.230469
0 0.236457 0.587240 0.073206 0.151042
0 0.375915 0.586589 0.065154 0.147135
0 0.515739 0.580729 0.069546 0.138021
0 0.650439 0.591146 0.056369 0.164062
0 0.790630 0.587891 0.062958 0.160156
1 0.314788 0.490885 0.043924 0.101562
1 0.510615 0.485677 0.047584 0.093750
1 0.609810 0.490885 0.043924 0.101562
1 0.706808 0.493490 0.049048 0.101562
