1 0.123177 0.708333 0.104688 0.194444
5 0.330729 0.712037 0.087500 0.222222
0 0.519531 0.712963 0.086979 0.205556
0 0.708073 0.712963 0.083854 0.216667
1 0.898958 0.710185 0.098958 0.227778
0 0.238802 0.586574 0.067187 0.152778
6 0.378385 0.583796 0.058854 0.136111
1 0.515885 0.587500 0.058854 0.145370
6 0.649740 0.589352 0.060937 0.147222
1 0.793490 0.604630 0.066146 0.174074
1 0.310677 0.487500 0.048438 0.106481
6 0.408073 0.493056 0.044271 0.113889
6 0.510938 0.489352 0.043750 0.100926
6 0.607812 0.493056 0.052083 0.108333
3 0.703385 0.498148 0.048438 0.120370
