0 0.138021 0.716204 0.100000 0.208333
0 0.329167 0.715741 0.081250 0.209259
1 0.519010 0.711111 0.082812 0.201852
0 0.710156 0.715278 0.086979 0.210185
1 0.900781 0.712500 0.103646 0.210185
1 0.236979 0.592130 0.064583 0.141667
0 0.374740 0.589815 0.063021 0.140741
0 0.515365 0.586111 0.063021 0.137037
0 0.649219 0.586111 0.063021 0.155556
1 0.789844 0.588889 0.079687 0.148148
6 0.314323 0.493056 0.045312 0.108333
0 0.411458 0.497222 0.040625 0.118519
6 0.509635 0.491667 0.047396 0.096296
1 0.607812 0.497222 0.052083 0.129630
6 0.705729 0.501389 0.047917 0.119444
